# Converted from AAIndex2 matrix file- all information lines preserved below:
#
# H MIYT790101
# D Amino acid pair distance (Miyata et al., 1979)
# R LIT:0601606 PMID:439147
# A Miyata, T., Miyazawa, S. and Yasunaga, T.
# T Two types of amino acid substitutions in protein evolution
# J J. Mol. Evol. 12, 219-236 (1979)
#
# - and * are just taken from the lowest value
        A      R      N      D      C      Q      E      G      H      I      L      K      M      F      P      S      T      W      Y      V      B      Z      *      -      
A       0      2.92   1.78   2.37   1.39   1.92   2.46   0.91   2.17   2.69   2.76   2.96   2.42   3.23   0.06   0.51   0.90   4.23   3.18   1.85   2.075  2.075  0      0     
R       2.92   0      2.04   2.34   3.06   1.13   1.45   3.58   0.82   2.49   2.62   0.40   2.29   2.47   2.90   2.74   2.03   2.72   2.02   2.43   2.19   2.19   0      0     
N       1.78   2.04   0      0.65   2.83   0.99   0.85   1.96   1.29   3.37   3.49   1.84   3.08   3.70   1.80   1.31   1.40   4.39   3.42   2.76   0.325  0.325  0      0     
D       2.37   2.34   0.65   0      3.48   1.47   0.90   2.37   1.72   3.98   4.10   2.05   3.69   4.27   2.40   1.87   2.05   4.88   3.95   3.40   0.325  0.325  0      0     
C       1.39   3.06   2.83   3.48   0      2.48   3.26   2.22   2.56   1.63   1.65   3.27   1.46   2.24   1.33   1.84   1.45   3.34   2.38   0.86   3.155  3.155  0      0     
Q       1.92   1.13   0.99   1.47   2.48   0      0.84   2.48   0.32   2.57   2.70   1.06   2.30   2.81   1.92   1.65   1.12   3.42   2.48   2.13   1.23   1.23   0      0     
E       2.46   1.45   0.85   0.90   3.26   0.84   0      2.78   0.96   3.39   3.53   1.14   3.13   3.59   2.48   2.06   1.83   4.08   3.22   2.97   0.875  0.875  0      0     
G       0.91   3.58   1.96   2.37   2.22   2.48   2.78   0      2.78   3.60   3.67   3.54   3.34   4.14   0.97   0.85   1.70   5.13   4.08   2.76   2.165  2.165  0      0     
H       2.17   0.82   1.29   1.72   2.56   0.32   0.96   2.78   0      2.45   2.59   0.79   2.19   2.63   2.15   1.94   1.32   3.16   2.27   2.11   1.505  1.505  0      0     
I       2.69   2.49   3.37   3.98   1.63   2.57   3.39   3.60   2.45   0      0.14   2.84   0.29   0.61   2.62   2.95   2.14   1.72   0.86   0.85   3.675  3.675  0      0     
L       2.76   2.62   3.49   4.10   1.65   2.70   3.53   3.67   2.59   0.14   0      2.98   0.41   0.63   2.70   3.04   2.25   1.73   0.94   0.91   3.795  3.795  0      0     
K       2.96   0.40   1.84   2.05   3.27   1.06   1.14   3.54   0.79   2.84   2.98   0      2.63   2.85   2.94   2.71   2.10   3.11   2.42   2.70   1.945  1.945  0      0     
M       2.42   2.29   3.08   3.69   1.46   2.30   3.13   3.34   2.19   0.29   0.41   2.63   0      0.82   2.36   2.67   1.86   1.89   0.93   0.62   3.385  3.385  0      0     
F       3.23   2.47   3.70   4.27   2.24   2.81   3.59   4.14   2.63   0.61   0.63   2.85   0.82   0      3.17   3.45   2.60   1.11   0.48   1.43   3.985  3.985  0      0     
P       0.06   2.90   1.80   2.40   1.33   1.92   2.48   0.97   2.15   2.62   2.70   2.94   2.36   3.17   0      0.56   0.87   4.17   3.12   1.79   2.1    2.1    0      0     
S       0.51   2.74   1.31   1.87   1.84   1.65   2.06   0.85   1.94   2.95   3.04   2.71   2.67   3.45   0.56   0      0.89   4.38   3.33   2.15   1.59   1.59   0      0     
T       0.90   2.03   1.40   2.05   1.45   1.12   1.83   1.70   1.32   2.14   2.25   2.10   1.86   2.60   0.87   0.89   0      3.50   2.45   1.42   1.725  1.725  0      0     
W       4.23   2.72   4.39   4.88   3.34   3.42   4.08   5.13   3.16   1.72   1.73   3.11   1.89   1.11   4.17   4.38   3.50   0      1.06   2.51   4.635  4.635  0      0     
Y       3.18   2.02   3.42   3.95   2.38   2.48   3.22   4.08   2.27   0.86   0.94   2.42   0.93   0.48   3.12   3.33   2.45   1.06   0      1.52   3.685  3.685  0      0     
V       1.85   2.43   2.76   3.40   0.86   2.13   2.97   2.76   2.11   0.85   0.91   2.70   0.62   1.43   1.79   2.15   1.42   2.51   1.52   0      3.08   3.08   0      0     
B       2.075  2.19   0.325  0.325  3.155  1.23   0.875  2.165  1.505  3.675  3.795  1.945  3.385  3.985  2.1    1.59   1.725  4.635  3.685  3.08   0      1.0525  0      0     
Z       2.075  2.19   0.325  0.325  3.155  1.23   0.875  2.165  1.505  3.675  3.795  1.945  3.385  3.985  2.1    1.59   1.725  4.635  3.685  3.08   1.0525  0      0      0     
*       0      0      0      0      0      0      0      0      0      0      0      0      0      0      0      0      0      0      0      0      0      0      0      0     
-       0      0      0      0      0      0      0      0      0      0      0      0      0      0      0      0      0      0      0      0      0      0      0      0     
